// Valide
// Homunculus Experience Tables
50
110
180
260
350
630
950
1310
1710
2150
3180
4300
5510
6810
8200
10800
13560
16480
19560
22800
28090
33630
39420
45460
51750
61500
70910
81030
91510
102350
117580
133300
149510
166210
183400
206480
230200
254560
279560
305200
338450
372510
407380
443060
479550
525590
572630
620670
669710
719750
781500
844460
908630
974010
1040600
1121280
1203400
1286960
1371960
1458400
1561530
1666350
1772860
1881060
1990950
2120350
2251710
2385030
2520310
2657550
2817340
2979380
3143670
3310210
3479000
3673600
3870760
4070480
4272760
4477600
4711730
4948750
5188660
5431460
5677150
5955830
6237750
6522910
6811310
7102950
7431500
7763660
8099430
8438810
8781800
9165840
9553880
9945920
9945920
10045379
10145833
10247291
10349764
10453262
10557794
10663372
10770006
10877706
10986483
11096348
11207312
11319385
11432579
11546904
11662373
11778997
11896787
12015755
12135913
12257272
12379844
12503643
12628679
12754966
12882516
13011341
13141454
13272869
13405597
13539653
13675050
13811800
13949918
14089418
14230312
14372615
14516341
14661505
14808120
14956201
15105763
15256820
15409389
15563483
15719117
15876309
16035072
16195422
16357377
16520950
16686160
16853021
17021552
17191767
17363685
17537322
17712695
17889822
18068720
18249407
18431901
18616220
18802383
18990406
19180310
19372114
19565835
19761493
19959108
20158699
20360286
20563889
20769528
20977223
21186995
21398865
21612854
21828982
22047272
22267745
22490422
22715327
22942480
23171905
23403624
23637660
23874037
24112777
24353905
24597444
24843418
25091852
25342771
25596199
25852161
26110682
26371789
26635507
26901862
26901862
27170881
27442589
27717015
27994185
28274127
28556869
28842437
29130862
29422170
29716392
30013556
30313691
30616828
30922997
31232227
31544549
31859994
32178594
32500380
32825384
33153638
33485174
33820026
34158226
34499809
34844807
35193255
35545187
35900639
36259645
36622242
36988464
37358349
37731932
38109252
38490344
38875248
39264000
39656640
40053207
40453739
40858276
41266859
41679527
42096323
42517286
42942459
43371883
43805602
0  
