48
51
54
57
60
64
68
72
76
80
85
90
95
100
105
111
117
123
129
135
142
149
156
163
170
178
186
194
202
210
219
228
237
246
255
265
275
285
295
305
316
327
338
349
360
372
384
396
408
420
433
446
459
472
485
499
513
527
541
555
570
585
600
615
630
646
662
678
694
710
727
744
761
778
795
813
831
849
867
885
904
923
942
961
980
1000
1020
1040
1060
1080
1101
1122
1143
1164
1185
1207
1229
1251
1273
1295
1318
1341
1364
1387
1410
1434
1458
1482
1506
1530
1555
1580
1605
1630
1655
1681
1707
1733
1759
1785
1812
1839
1866
1893
1920
1948
1976
2004
2032
2060
2089
2118
2147
2176
2205
2235
2265
2295
2325
2355
2386
2417
2448
2479
2510
2542
2574
2606
2638
2670
2703
2736
2769
2802
2835
2869
2903
2937
2971
3005
3040
3075
3110
3145
3180
3216
3252
3288
3324
3360
3397
3434
3471
3508
3545
3583
3621
3659
3697
3735
3774
3813
3852
3891
3930
3970
4010
4050
4090
4130
4171
4212
4253
4294
4335
4377
4419
4461
4503
4545
4588
4631
4674
4717
4760
4804
4848
4892
4936
4980
5025
5070
5115
5160
5205
5251
5297
5343
5389
5435
5482
5529
5576
5623
5670
5718
5766
5814
5862
5910
5959
6008
6057
6106
6155
6205
6255
6305
6355
6405
6456
6507
6558
6609
6660
6712
6764
6816
6868
6920
6973
7026
7079
7132
7185
7198
7212
7225
7238
7252
7265
7279
7292
7306
7319
7333
7346
7360
7373
7387
7401
7414
7428
7442
7456
7469
7483
7497
7511
7525
7539
7553
7567
7581
7595
7609
7623
7637
7651
7665
7679
7694
7708
7722
7736
7751
7765
7779
7794
7808
7823
7837
7852
7866
7881
7895
7910
7924
7939
7954
7969
7983
7998
8013
8028
8043
8057
8072
8087
8102
8117
8132
8147
8162
8177
8193
8208
8223
8238
8253
8269
8284
8299
8315
8330
8345
8361
8376
8392
8407
8423
8438
8454
8470
8485
8501
8517
8533
8548
8564
8580
8596
8612
8628
8644
8660
8676
8692
8708
8724
8740
8756
8772
8789
8805
8821
8838
8854
8870
8887
8903
8920
8936
8953
8969
8986
9002
9019
9036
9052
9069
9086
9103
9120
9136
9153
9170
9187
9204
9221
9238
9255
9273
9290
9307
9324
9341
9359
9376
9393
9411
9428
9446
9463
9481
9498
9516
9533
9551
9569
9586
9604
9622
9640
9657
9675
9693
9711
9729
9747
9765
9783
9801
9819
9838
9856
9874
9892
9911
9929
9947
9966
9984
10003
10021
10040
10058
10077
10095
10114
10133
10152
10170
10189
10208
10227
10246
10265
10284
10303
10322
10341
10360
10379
10398
10418
10437
10456
10476
10495
10514
10534
10553
10573
10592
10612
10632
10651
10671
10691
10711
10730
10750
10770
10790
10810
10830
10850
10870
10890
10910
10931
10951
10971
10991
11012
11032
11052
11073
11093
11114
11134
11155
11176
11196
11217
11238
11259
11279
11300
11321
11342
11363
11384
11405
11426
11447
11469
11490
11511
11532
11554
11575
11596
11618
11639
11661
11683
11704
11726
11748
11769
11791
11813
11835
11857
11879
11900
11922
11945
11967
11989
12011
12033
12055
12078
12100
12122
12145
12167
12190
12212
12235
12258
12280
12303
12326
12349
12371
12394
12417
12440
12463
12486
12509
12533
12556
12579
12602
12626
12649
12672
12696
12719
12743
12766
12790
12814
12837
12861
12885
12909
12933
12957
12981
13005
13029
13053
13077
13101
13125
13150
13174
13198
13223
13247
13272
13296
13321
13345
13370
13395
13420
13444
13469
13494
13519
13544
13565
13683
13687
13691
13695
13699
13703
13707
13711
13715
13719
13723
13727
13731
13735
13739
13743
13747
13751
13755
13759
13763
13767
13771
13775
13779
13783
13787
13791
13795
13799
13803
13807
13811
13815
13819
13823
13827
13831
13835
13839
13843
13847
13851
13855
13859
13863
13867
13871
13875
13879
13883
13887
13891
13895
13899
13903
13907
13911
13915
13919
13923
13927
13931
13935
13939
13943
13947
13951
13955
13959
13963
13967
13971
13975
13979
13983
13987
13991
13995
13999
14003
14007
14011
14015
14019
14023
14027
14031
14035
14039
14043
14047
14051
14055
14059
14063
14067
14071
14075
14079
14083
14087
14091
14095
14099
14103
14107
14111
14115
14119
14123
14127
14131
14135
14139
14143
14147
14151
14155
14159
14163
14167
14171
14175
14179
14183
14187
14191
14195
14199
14203
14207
14211
14215
14219
14223
14227
14231
14235
14239
14243
14247
14251
14255
14259
14263
14267
14271
14275
14279
14283
14287
14291
14295
14299
14303
14307
14311
14315
14319
14323
14327
14331
14335
14339
14343
14347
14351
14355
14359
14363
14367
14371
14375
14379
14383
14387
14391
14395
14399
14403
14407
14411
14415
14419
14423
14427
14431
14435
14439
14443
14447
14451
14455
14459
14463
14467
14471
14475
14479
14483
14487
14491
14495
14499
14503
14507
14511
14515
14519
14523
14527
14531
14535
14539
14543
14547
14551
14555
14559
14563
14567
14571
14575
14579
14583
14587
14591
14595
14599
14603
14607
14611
14615
14619
14623
14627
14631
14635
14639
14643
14647
14651
14655
14659
14663
14667
14671
14675
14679
14683
14687
14691
14695
14699
14703
14707
14711
14715
14719
14723
14727
14731
14735
14739
14743
14747
14751
14755
14759
14763
14767
14771
14775
14779
14783
14787
14791
14795
14799
14803
14807
14811
14815
14819
14823
14827
14831
14835
14839
14843
14847
14851
14855
14859
14863
14867
14871
14875
14879
14883
14887
14891
14895
14899
14903
14907
14911
14915
14919
14923
14927
14931
14935
14939
14943
14947
14951
14955
14959
14963
14967
14971
14975
14979
14983
14987
14991
14995
14999
15003
15007
15011
15015
15019
15023
15027
15031
15035
15039
15043
15047
15051
15055
15059
15063
15067
15071
15075
15079
15083
15087
15091
15095
15099
15103
15107
15111
15115
15119
15123
15127
15131
15135
15139
15143
15147
15151
15155
15159
15163
15167
15171
15175
15179
15183
15187
15191
15195
15199
15203
15207
15211
15215
15219
15223
15227
15231
15235
15239
15243
15247
15251
15255
15259
15263
15267
15271
15275
15279
15283
